0 262144
1 262144
2 131072
3 87381
4 65536
5 52428
6 43690
7 37449
8 32768
9 29127
10 26214
11 23831
12 21845
13 20164
14 18724
15 17476
16 16384
17 15420
18 14563
19 13797
20 13107
21 12483
22 11915
23 11397
24 10922
25 10485
26 10082
27 9709
28 9362
29 9039
30 8738
31 8456
32 8192
33 7943
34 7710
35 7489
36 7281
37 7084
38 6898
39 6721
40 6553
41 6393
42 6241
43 6096
44 5957
45 5825
46 5698
47 5577
48 5461
49 5349
50 5242
51 5140
52 5041
53 4946
54 4854
55 4766
56 4681
57 4599
58 4519
59 4443
60 4369
61 4297
62 4228
63 4161
64 4096
65 4032
66 3971
67 3912
68 3855
69 3799
70 3744
71 3692
72 3640
73 3591
74 3542
75 3495
76 3449
77 3404
78 3360
79 3318
80 3276
81 3236
82 3196
83 3158
84 3120
85 3084
86 3048
87 3013
88 2978
89 2945
90 2912
91 2880
92 2849
93 2818
94 2788
95 2759
96 2730
97 2702
98 2674
99 2647
100 2621
101 2595
102 2570
103 2545
104 2520
105 2496
106 2473
107 2449
108 2427
109 2404
110 2383
111 2361
112 2340
113 2319
114 2299
115 2279
116 2259
117 2240
118 2221
119 2202
120 2184
121 2166
122 2148
123 2131
124 2114
125 2097
126 2080
127 2064
128 2048
129 2032
130 2016
131 2001
132 1985
133 1971
134 1956
135 1941
136 1927
137 1913
138 1899
139 1885
140 1872
141 1859
142 1846
143 1833
144 1820
145 1807
146 1795
147 1783
148 1771
149 1759
150 1747
151 1736
152 1724
153 1713
154 1702
155 1691
156 1680
157 1669
158 1659
159 1648
160 1638
161 1628
162 1618
163 1608
164 1598
165 1588
166 1579
167 1569
168 1560
169 1551
170 1542
171 1533
172 1524
173 1515
174 1506
175 1497
176 1489
177 1481
178 1472
179 1464
180 1456
181 1448
182 1440
183 1432
184 1424
185 1416
186 1409
187 1401
188 1394
189 1387
190 1379
191 1372
192 1365
193 1358
194 1351
195 1344
196 1337
197 1330
198 1323
199 1317
200 1310
201 1304
202 1297
203 1291
204 1285
205 1278
206 1272
207 1266
208 1260
209 1254
210 1248
211 1242
212 1236
213 1230
214 1224
215 1219
216 1213
217 1208
218 1202
219 1197
220 1191
221 1186
222 1180
223 1175
224 1170
225 1165
226 1159
227 1154
228 1149
229 1144
230 1139
231 1134
232 1129
233 1125
234 1120
235 1115
236 1110
237 1106
238 1101
239 1096
240 1092
241 1087
242 1083
243 1078
244 1074
245 1069
246 1065
247 1061
248 1057
249 1052
250 1048
251 1044
252 1040
253 1036
254 1032
255 1028
256 1024
257 1020
258 1016
259 1012
260 1008
261 1004
262 1000
263 996
264 992
265 989
266 985
267 981
268 978
269 974
270 970
271 967
272 963
273 960
274 956
275 953
276 949
277 946
278 942
279 939
280 936
281 932
282 929
283 926
284 923
285 919
286 916
287 913
288 910
289 907
290 903
291 900
292 897
293 894
294 891
295 888
296 885
297 882
298 879
299 876
300 873
301 870
302 868
303 865
304 862
305 859
306 856
307 853
308 851
309 848
310 845
311 842
312 840
313 837
314 834
315 832
316 829
317 826
318 824
319 821
320 819
321 816
322 814
323 811
324 809
325 806
326 804
327 801
328 799
329 796
330 794
331 791
332 789
333 787
334 784
335 782
336 780
337 777
338 775
339 773
340 771
341 768
342 766
343 764
344 762
345 759
346 757
347 755
348 753
349 751
350 748
351 746
352 744
353 742
354 740
355 738
356 736
357 734
358 732
359 730
360 728
361 726
362 724
363 722
364 720
365 718
366 716
367 714
368 712
369 710
370 708
371 706
372 704
373 702
374 700
375 699
376 697
377 695
378 693
379 691
380 689
381 688
382 686
383 684
384 682
385 680
386 679
387 677
388 675
389 673
390 672
391 670
392 668
393 667
394 665
395 663
396 661
397 660
398 658
399 657
400 655
401 653
402 652
403 650
404 648
405 647
406 645
407 644
408 642
409 640
410 639
411 637
412 636
413 634
414 633
415 631
416 630
417 628
418 627
419 625
420 624
421 622
422 621
423 619
424 618
425 616
426 615
427 613
428 612
429 611
430 609
431 608
432 606
433 605
434 604
435 602
436 601
437 599
438 598
439 597
440 595
441 594
442 593
443 591
444 590
445 589
446 587
447 586
448 585
449 583
450 582
451 581
452 579
453 578
454 577
455 576
456 574
457 573
458 572
459 571
460 569
461 568
462 567
463 566
464 564
465 563
466 562
467 561
468 560
469 558
470 557
471 556
472 555
473 554
474 553
475 551
476 550
477 549
478 548
479 547
480 546
481 544
482 543
483 542
484 541
485 540
486 539
487 538
488 537
489 536
490 534
491 533
492 532
493 531
494 530
495 529
496 528
497 527
498 526
499 525
500 524
501 523
502 522
503 521
504 520
505 519
506 518
507 517
508 516
509 515
510 514
511 513
512 512
513 511
514 510
515 509
516 508
517 507
518 506
519 505
520 504
521 503
522 502
523 501
524 500
525 499
526 498
527 497
528 496
529 495
530 494
531 493
532 492
533 491
534 490
535 489
536 489
537 488
538 487
539 486
540 485
541 484
542 483
543 482
544 481
545 480
546 480
547 479
548 478
549 477
550 476
551 475
552 474
553 474
554 473
555 472
556 471
557 470
558 469
559 468
560 468
561 467
562 466
563 465
564 464
565 463
566 463
567 462
568 461
569 460
570 459
571 459
572 458
573 457
574 456
575 455
576 455
577 454
578 453
579 452
580 451
581 451
582 450
583 449
584 448
585 448
586 447
587 446
588 445
589 445
590 444
591 443
592 442
593 442
594 441
595 440
596 439
597 439
598 438
599 437
600 436
601 436
602 435
603 434
604 434
605 433
606 432
607 431
608 431
609 430
610 429
611 429
612 428
613 427
614 426
615 426
616 425
617 424
618 424
619 423
620 422
621 422
622 421
623 420
624 420
625 419
626 418
627 418
628 417
629 416
630 416
631 415
632 414
633 414
634 413
635 412
636 412
637 411
638 410
639 410
640 409
641 408
642 408
643 407
644 407
645 406
646 405
647 405
648 404
649 403
650 403
651 402
652 402
653 401
654 400
655 400
656 399
657 399
658 398
659 397
660 397
661 396
662 395
663 395
664 394
665 394
666 393
667 393
668 392
669 391
670 391
671 390
672 390
673 389
674 388
675 388
676 387
677 387
678 386
679 386
680 385
681 384
682 384
683 383
684 383
685 382
686 382
687 381
688 381
689 380
690 379
691 379
692 378
693 378
694 377
695 377
696 376
697 376
698 375
699 375
700 374
701 373
702 373
703 372
704 372
705 371
706 371
707 370
708 370
709 369
710 369
711 368
712 368
713 367
714 367
715 366
716 366
717 365
718 365
719 364
720 364
721 363
722 363
723 362
724 362
725 361
726 361
727 360
728 360
729 359
730 359
731 358
732 358
733 357
734 357
735 356
736 356
737 355
738 355
739 354
740 354
741 353
742 353
743 352
744 352
745 351
746 351
747 350
748 350
749 349
750 349
751 349
752 348
753 348
754 347
755 347
756 346
757 346
758 345
759 345
760 344
761 344
762 344
763 343
764 343
765 342
766 342
767 341
768 341
769 340
770 340
771 340
772 339
773 339
774 338
775 338
776 337
777 337
778 336
779 336
780 336
781 335
782 335
783 334
784 334
785 333
786 333
787 333
788 332
789 332
790 331
791 331
792 330
793 330
794 330
795 329
796 329
797 328
798 328
799 328
800 327
801 327
802 326
803 326
804 326
805 325
806 325
807 324
808 324
809 324
810 323
811 323
812 322
813 322
814 322
815 321
816 321
817 320
818 320
819 320
820 319
821 319
822 318
823 318
824 318
825 317
826 317
827 316
828 316
829 316
830 315
831 315
832 315
833 314
834 314
835 313
836 313
837 313
838 312
839 312
840 312
841 311
842 311
843 310
844 310
845 310
846 309
847 309
848 309
849 308
850 308
851 308
852 307
853 307
854 306
855 306
856 306
857 305
858 305
859 305
860 304
861 304
862 304
863 303
864 303
865 303
866 302
867 302
868 302
869 301
870 301
871 300
872 300
873 300
874 299
875 299
876 299
877 298
878 298
879 298
880 297
881 297
882 297
883 296
884 296
885 296
886 295
887 295
888 295
889 294
890 294
891 294
892 293
893 293
894 293
895 292
896 292
897 292
898 291
899 291
900 291
901 290
902 290
903 290
904 289
905 289
906 289
907 289
908 288
909 288
910 288
911 287
912 287
913 287
914 286
915 286
916 286
917 285
918 285
919 285
920 284
921 284
922 284
923 284
924 283
925 283
926 283
927 282
928 282
929 282
930 281
931 281
932 281
933 280
934 280
935 280
936 280
937 279
938 279
939 279
940 278
941 278
942 278
943 277
944 277
945 277
946 277
947 276
948 276
949 276
950 275
951 275
952 275
953 275
954 274
955 274
956 274
957 273
958 273
959 273
960 273
961 272
962 272
963 272
964 271
965 271
966 271
967 271
968 270
969 270
970 270
971 269
972 269
973 269
974 269
975 268
976 268
977 268
978 268
979 267
980 267
981 267
982 266
983 266
984 266
985 266
986 265
987 265
988 265
989 265
990 264
991 264
992 264
993 263
994 263
995 263
996 263
997 262
998 262
999 262
1000 262
1001 261
1002 261
1003 261
1004 261
1005 260
1006 260
1007 260
1008 260
1009 259
1010 259
1011 259
1012 259
1013 258
1014 258
1015 258
1016 258
1017 257
1018 257
1019 257
1020 257
1021 256
1022 256
1023 256
1024 256
1025 255
1026 255
1027 255
1028 255
1029 254
1030 254
1031 254
1032 254
1033 253
1034 253
1035 253
1036 253
1037 252
1038 252
1039 252
1040 252
1041 251
1042 251
1043 251
1044 251
1045 250
1046 250
1047 250
1048 250
1049 249
1050 249
1051 249
1052 249
1053 248
1054 248
1055 248
1056 248
1057 248
1058 247
1059 247
1060 247
1061 247
1062 246
1063 246
1064 246
1065 246
1066 245
1067 245
1068 245
1069 245
1070 244
1071 244
1072 244
1073 244
1074 244
1075 243
1076 243
1077 243
1078 243
1079 242
1080 242
1081 242
1082 242
1083 242
1084 241
1085 241
1086 241
1087 241
1088 240
1089 240
1090 240
1091 240
1092 240
1093 239
1094 239
1095 239
1096 239
1097 238
1098 238
1099 238
1100 238
1101 238
1102 237
1103 237
1104 237
1105 237
1106 237
1107 236
1108 236
1109 236
1110 236
1111 235
1112 235
1113 235
1114 235
1115 235
1116 234
1117 234
1118 234
1119 234
1120 234
1121 233
1122 233
1123 233
1124 233
1125 233
1126 232
1127 232
1128 232
1129 232
1130 231
1131 231
1132 231
1133 231
1134 231
1135 230
1136 230
1137 230
1138 230
1139 230
1140 229
1141 229
1142 229
1143 229
1144 229
1145 228
1146 228
1147 228
1148 228
1149 228
1150 227
1151 227
1152 227
1153 227
1154 227
1155 226
1156 226
1157 226
1158 226
1159 226
1160 225
1161 225
1162 225
1163 225
1164 225
1165 225
1166 224
1167 224
1168 224
1169 224
1170 224
1171 223
1172 223
1173 223
1174 223
1175 223
1176 222
1177 222
1178 222
1179 222
1180 222
1181 221
1182 221
1183 221
1184 221
1185 221
1186 221
1187 220
1188 220
1189 220
1190 220
1191 220
1192 219
1193 219
1194 219
1195 219
1196 219
1197 219
1198 218
1199 218
1200 218
1201 218
1202 218
1203 217
1204 217
1205 217
1206 217
1207 217
1208 217
1209 216
1210 216
1211 216
1212 216
1213 216
1214 215
1215 215
1216 215
1217 215
1218 215
1219 215
1220 214
1221 214
1222 214
1223 214
1224 214
1225 213
1226 213
1227 213
1228 213
1229 213
1230 213
1231 212
1232 212
1233 212
1234 212
1235 212
1236 212
1237 211
1238 211
1239 211
1240 211
1241 211
1242 211
1243 210
1244 210
1245 210
1246 210
1247 210
1248 210
1249 209
1250 209
1251 209
1252 209
1253 209
1254 209
1255 208
1256 208
1257 208
1258 208
1259 208
1260 208
1261 207
1262 207
1263 207
1264 207
1265 207
1266 207
1267 206
1268 206
1269 206
1270 206
1271 206
1272 206
1273 205
1274 205
1275 205
1276 205
1277 205
1278 205
1279 204
1280 204
1281 204
1282 204
1283 204
1284 204
1285 204
1286 203
1287 203
1288 203
1289 203
1290 203
1291 203
1292 202
1293 202
1294 202
1295 202
1296 202
1297 202
1298 201
1299 201
1300 201
1301 201
1302 201
1303 201
1304 201
1305 200
1306 200
1307 200
1308 200
1309 200
1310 200
1311 199
1312 199
1313 199
1314 199
1315 199
1316 199
1317 199
1318 198
1319 198
1320 198
1321 198
1322 198
1323 198
1324 197
1325 197
1326 197
1327 197
1328 197
1329 197
1330 197
1331 196
1332 196
1333 196
1334 196
1335 196
1336 196
1337 196
1338 195
1339 195
1340 195
1341 195
1342 195
1343 195
1344 195
1345 194
1346 194
1347 194
1348 194
1349 194
1350 194
1351 194
1352 193
1353 193
1354 193
1355 193
1356 193
1357 193
1358 193
1359 192
1360 192
1361 192
1362 192
1363 192
1364 192
1365 192
1366 191
1367 191
1368 191
1369 191
1370 191
1371 191
1372 191
1373 190
1374 190
1375 190
1376 190
1377 190
1378 190
1379 190
1380 189
1381 189
1382 189
1383 189
1384 189
1385 189
1386 189
1387 189
1388 188
1389 188
1390 188
1391 188
1392 188
1393 188
1394 188
1395 187
1396 187
1397 187
1398 187
1399 187
1400 187
1401 187
1402 186
1403 186
1404 186
1405 186
1406 186
1407 186
1408 186
1409 186
1410 185
1411 185
1412 185
1413 185
1414 185
1415 185
1416 185
1417 184
1418 184
1419 184
1420 184
1421 184
1422 184
1423 184
1424 184
1425 183
1426 183
1427 183
1428 183
1429 183
1430 183
1431 183
1432 183
1433 182
1434 182
1435 182
1436 182
1437 182
1438 182
1439 182
1440 182
1441 181
1442 181
1443 181
1444 181
1445 181
1446 181
1447 181
1448 181
1449 180
1450 180
1451 180
1452 180
1453 180
1454 180
1455 180
1456 180
1457 179
1458 179
1459 179
1460 179
1461 179
1462 179
1463 179
1464 179
1465 178
1466 178
1467 178
1468 178
1469 178
1470 178
1471 178
1472 178
1473 177
1474 177
1475 177
1476 177
1477 177
1478 177
1479 177
1480 177
1481 177
1482 176
1483 176
1484 176
1485 176
1486 176
1487 176
1488 176
1489 176
1490 175
1491 175
1492 175
1493 175
1494 175
1495 175
1496 175
1497 175
1498 174
1499 174
1500 174
1501 174
1502 174
1503 174
1504 174
1505 174
1506 174
1507 173
1508 173
1509 173
1510 173
1511 173
1512 173
1513 173
1514 173
1515 173
1516 172
1517 172
1518 172
1519 172
1520 172
1521 172
1522 172
1523 172
1524 172
1525 171
1526 171
1527 171
1528 171
1529 171
1530 171
1531 171
1532 171
1533 171
1534 170
1535 170
1536 170
1537 170
1538 170
1539 170
1540 170
1541 170
1542 170
1543 169
1544 169
1545 169
1546 169
1547 169
1548 169
1549 169
1550 169
1551 169
1552 168
1553 168
1554 168
1555 168
1556 168
1557 168
1558 168
1559 168
1560 168
1561 167
1562 167
1563 167
1564 167
1565 167
1566 167
1567 167
1568 167
1569 167
1570 166
1571 166
1572 166
1573 166
1574 166
1575 166
1576 166
1577 166
1578 166
1579 166
1580 165
1581 165
1582 165
1583 165
1584 165
1585 165
1586 165
1587 165
1588 165
1589 164
1590 164
1591 164
1592 164
1593 164
1594 164
1595 164
1596 164
1597 164
1598 164
1599 163
1600 163
1601 163
1602 163
1603 163
1604 163
1605 163
1606 163
1607 163
1608 163
1609 162
1610 162
1611 162
1612 162
1613 162
1614 162
1615 162
1616 162
1617 162
1618 162
1619 161
1620 161
1621 161
1622 161
1623 161
1624 161
1625 161
1626 161
1627 161
1628 161
1629 160
1630 160
1631 160
1632 160
1633 160
1634 160
1635 160
1636 160
1637 160
1638 160
1639 159
1640 159
1641 159
1642 159
1643 159
1644 159
1645 159
1646 159
1647 159
1648 159
1649 158
1650 158
1651 158
1652 158
1653 158
1654 158
1655 158
1656 158
1657 158
1658 158
1659 158
1660 157
1661 157
1662 157
1663 157
1664 157
1665 157
1666 157
1667 157
1668 157
1669 157
1670 156
1671 156
1672 156
1673 156
1674 156
1675 156
1676 156
1677 156
1678 156
1679 156
1680 156
1681 155
1682 155
1683 155
1684 155
1685 155
1686 155
1687 155
1688 155
1689 155
1690 155
1691 155
1692 154
1693 154
1694 154
1695 154
1696 154
1697 154
1698 154
1699 154
1700 154
1701 154
1702 154
1703 153
1704 153
1705 153
1706 153
1707 153
1708 153
1709 153
1710 153
1711 153
1712 153
1713 153
1714 152
1715 152
1716 152
1717 152
1718 152
1719 152
1720 152
1721 152
1722 152
1723 152
1724 152
1725 151
1726 151
1727 151
1728 151
1729 151
1730 151
1731 151
1732 151
1733 151
1734 151
1735 151
1736 151
1737 150
1738 150
1739 150
1740 150
1741 150
1742 150
1743 150
1744 150
1745 150
1746 150
1747 150
1748 149
1749 149
1750 149
1751 149
1752 149
1753 149
1754 149
1755 149
1756 149
1757 149
1758 149
1759 149
1760 148
1761 148
1762 148
1763 148
1764 148
1765 148
1766 148
1767 148
1768 148
1769 148
1770 148
1771 148
1772 147
1773 147
1774 147
1775 147
1776 147
1777 147
1778 147
1779 147
1780 147
1781 147
1782 147
1783 147
1784 146
1785 146
1786 146
1787 146
1788 146
1789 146
1790 146
1791 146
1792 146
1793 146
1794 146
1795 146
1796 145
1797 145
1798 145
1799 145
1800 145
1801 145
1802 145
1803 145
1804 145
1805 145
1806 145
1807 145
1808 144
1809 144
1810 144
1811 144
1812 144
1813 144
1814 144
1815 144
1816 144
1817 144
1818 144
1819 144
1820 144
1821 143
1822 143
1823 143
1824 143
1825 143
1826 143
1827 143
1828 143
1829 143
1830 143
1831 143
1832 143
1833 143
1834 142
1835 142
1836 142
1837 142
1838 142
1839 142
1840 142
1841 142
1842 142
1843 142
1844 142
1845 142
1846 142
1847 141
1848 141
1849 141
1850 141
1851 141
1852 141
1853 141
1854 141
1855 141
1856 141
1857 141
1858 141
1859 141
1860 140
1861 140
1862 140
1863 140
1864 140
1865 140
1866 140
1867 140
1868 140
1869 140
1870 140
1871 140
1872 140
1873 139
1874 139
1875 139
1876 139
1877 139
1878 139
1879 139
1880 139
1881 139
1882 139
1883 139
1884 139
1885 139
1886 138
1887 138
1888 138
1889 138
1890 138
1891 138
1892 138
1893 138
1894 138
1895 138
1896 138
1897 138
1898 138
1899 138
1900 137
1901 137
1902 137
1903 137
1904 137
1905 137
1906 137
1907 137
1908 137
1909 137
1910 137
1911 137
1912 137
1913 137
1914 136
1915 136
1916 136
1917 136
1918 136
1919 136
1920 136
1921 136
1922 136
1923 136
1924 136
1925 136
1926 136
1927 136
1928 135
1929 135
1930 135
1931 135
1932 135
1933 135
1934 135
1935 135
1936 135
1937 135
1938 135
1939 135
1940 135
1941 135
1942 134
1943 134
1944 134
1945 134
1946 134
1947 134
1948 134
1949 134
1950 134
1951 134
1952 134
1953 134
1954 134
1955 134
1956 134
1957 133
1958 133
1959 133
1960 133
1961 133
1962 133
1963 133
1964 133
1965 133
1966 133
1967 133
1968 133
1969 133
1970 133
1971 133
1972 132
1973 132
1974 132
1975 132
1976 132
1977 132
1978 132
1979 132
1980 132
1981 132
1982 132
1983 132
1984 132
1985 132
1986 131
1987 131
1988 131
1989 131
1990 131
1991 131
1992 131
1993 131
1994 131
1995 131
1996 131
1997 131
1998 131
1999 131
2000 131
2001 131
2002 130
2003 130
2004 130
2005 130
2006 130
2007 130
2008 130
2009 130
2010 130
2011 130
2012 130
2013 130
2014 130
2015 130
2016 130
2017 129
2018 129
2019 129
2020 129
2021 129
2022 129
2023 129
2024 129
2025 129
2026 129
2027 129
2028 129
2029 129
2030 129
2031 129
2032 129
2033 128
2034 128
2035 128
2036 128
2037 128
2038 128
2039 128
2040 128
2041 128
2042 128
2043 128
2044 128
2045 128
2046 128
2047 128
2048 128
2049 127
2050 127
2051 127
2052 127
2053 127
2054 127
2055 127
2056 127
2057 127
2058 127
2059 127
2060 127
2061 127
2062 127
2063 127
2064 127
2065 126
2066 126
2067 126
2068 126
2069 126
2070 126
2071 126
2072 126
2073 126
2074 126
2075 126
2076 126
2077 126
2078 126
2079 126
2080 126
2081 125
2082 125
2083 125
2084 125
2085 125
2086 125
2087 125
2088 125
2089 125
2090 125
2091 125
2092 125
2093 125
2094 125
2095 125
2096 125
2097 125
2098 124
2099 124
2100 124
2101 124
2102 124
2103 124
2104 124
2105 124
2106 124
2107 124
2108 124
2109 124
2110 124
2111 124
2112 124
2113 124
2114 124
2115 123
2116 123
2117 123
2118 123
2119 123
2120 123
2121 123
2122 123
2123 123
2124 123
2125 123
2126 123
2127 123
2128 123
2129 123
2130 123
2131 123
2132 122
2133 122
2134 122
2135 122
2136 122
2137 122
2138 122
2139 122
2140 122
2141 122
2142 122
2143 122
2144 122
2145 122
2146 122
2147 122
2148 122
2149 121
2150 121
2151 121
2152 121
2153 121
2154 121
2155 121
2156 121
2157 121
2158 121
2159 121
2160 121
2161 121
2162 121
2163 121
2164 121
2165 121
2166 121
2167 120
2168 120
2169 120
2170 120
2171 120
2172 120
2173 120
2174 120
2175 120
2176 120
2177 120
2178 120
2179 120
2180 120
2181 120
2182 120
2183 120
2184 120
2185 119
2186 119
2187 119
2188 119
2189 119
2190 119
2191 119
2192 119
2193 119
2194 119
2195 119
2196 119
2197 119
2198 119
2199 119
2200 119
2201 119
2202 119
2203 118
2204 118
2205 118
2206 118
2207 118
2208 118
2209 118
2210 118
2211 118
2212 118
2213 118
2214 118
2215 118
2216 118
2217 118
2218 118
2219 118
2220 118
2221 118
2222 117
2223 117
2224 117
2225 117
2226 117
2227 117
2228 117
2229 117
2230 117
2231 117
2232 117
2233 117
2234 117
2235 117
2236 117
2237 117
2238 117
2239 117
2240 117
2241 116
2242 116
2243 116
2244 116
2245 116
2246 116
2247 116
2248 116
2249 116
2250 116
2251 116
2252 116
2253 116
2254 116
2255 116
2256 116
2257 116
2258 116
2259 116
2260 115
2261 115
2262 115
2263 115
2264 115
2265 115
2266 115
2267 115
2268 115
2269 115
2270 115
2271 115
2272 115
2273 115
2274 115
2275 115
2276 115
2277 115
2278 115
2279 115
2280 114
2281 114
2282 114
2283 114
2284 114
2285 114
2286 114
2287 114
2288 114
2289 114
2290 114
2291 114
2292 114
2293 114
2294 114
2295 114
2296 114
2297 114
2298 114
2299 114
2300 113
2301 113
2302 113
2303 113
2304 113
2305 113
2306 113
2307 113
2308 113
2309 113
2310 113
2311 113
2312 113
2313 113
2314 113
2315 113
2316 113
2317 113
2318 113
2319 113
2320 112
2321 112
2322 112
2323 112
2324 112
2325 112
2326 112
2327 112
2328 112
2329 112
2330 112
2331 112
2332 112
2333 112
2334 112
2335 112
2336 112
2337 112
2338 112
2339 112
2340 112
2341 111
2342 111
2343 111
2344 111
2345 111
2346 111
2347 111
2348 111
2349 111
2350 111
2351 111
2352 111
2353 111
2354 111
2355 111
2356 111
2357 111
2358 111
2359 111
2360 111
2361 111
2362 110
2363 110
2364 110
2365 110
2366 110
2367 110
2368 110
2369 110
2370 110
2371 110
2372 110
2373 110
2374 110
2375 110
2376 110
2377 110
2378 110
2379 110
2380 110
2381 110
2382 110
2383 110
2384 109
2385 109
2386 109
2387 109
2388 109
2389 109
2390 109
2391 109
2392 109
2393 109
2394 109
2395 109
2396 109
2397 109
2398 109
2399 109
2400 109
2401 109
2402 109
2403 109
2404 109
2405 108
2406 108
2407 108
2408 108
2409 108
2410 108
2411 108
2412 108
2413 108
2414 108
2415 108
2416 108
2417 108
2418 108
2419 108
2420 108
2421 108
2422 108
2423 108
2424 108
2425 108
2426 108
2427 108
2428 107
2429 107
2430 107
2431 107
2432 107
2433 107
2434 107
2435 107
2436 107
2437 107
2438 107
2439 107
2440 107
2441 107
2442 107
2443 107
2444 107
2445 107
2446 107
2447 107
2448 107
2449 107
2450 106
2451 106
2452 106
2453 106
2454 106
2455 106
2456 106
2457 106
2458 106
2459 106
2460 106
2461 106
2462 106
2463 106
2464 106
2465 106
2466 106
2467 106
2468 106
2469 106
2470 106
2471 106
2472 106
2473 106
2474 105
2475 105
2476 105
2477 105
2478 105
2479 105
2480 105
2481 105
2482 105
2483 105
2484 105
2485 105
2486 105
2487 105
2488 105
2489 105
2490 105
2491 105
2492 105
2493 105
2494 105
2495 105
2496 105
2497 104
2498 104
2499 104
2500 104
2501 104
2502 104
2503 104
2504 104
2505 104
2506 104
2507 104
2508 104
2509 104
2510 104
2511 104
2512 104
2513 104
2514 104
2515 104
2516 104
2517 104
2518 104
2519 104
2520 104
2521 103
2522 103
2523 103
2524 103
2525 103
2526 103
2527 103
2528 103
2529 103
2530 103
2531 103
2532 103
2533 103
2534 103
2535 103
2536 103
2537 103
2538 103
2539 103
2540 103
2541 103
2542 103
2543 103
2544 103
2545 103
2546 102
2547 102
2548 102
2549 102
2550 102
2551 102
2552 102
2553 102
2554 102
2555 102
2556 102
2557 102
2558 102
2559 102
2560 102
2561 102
2562 102
2563 102
2564 102
2565 102
2566 102
2567 102
2568 102
2569 102
2570 102
2571 101
2572 101
2573 101
2574 101
2575 101
2576 101
2577 101
2578 101
2579 101
2580 101
2581 101
2582 101
2583 101
2584 101
2585 101
2586 101
2587 101
2588 101
2589 101
2590 101
2591 101
2592 101
2593 101
2594 101
2595 101
2596 100
2597 100
2598 100
2599 100
2600 100
2601 100
2602 100
2603 100
2604 100
2605 100
2606 100
2607 100
2608 100
2609 100
2610 100
2611 100
2612 100
2613 100
2614 100
2615 100
2616 100
2617 100
2618 100
2619 100
2620 100
2621 100
2622 99
2623 99
2624 99
2625 99
2626 99
2627 99
2628 99
2629 99
2630 99
2631 99
2632 99
2633 99
2634 99
2635 99
2636 99
2637 99
2638 99
2639 99
2640 99
2641 99
2642 99
2643 99
2644 99
2645 99
2646 99
2647 99
2648 98
2649 98
2650 98
2651 98
2652 98
2653 98
2654 98
2655 98
2656 98
2657 98
2658 98
2659 98
2660 98
2661 98
2662 98
2663 98
2664 98
2665 98
2666 98
2667 98
2668 98
2669 98
2670 98
2671 98
2672 98
2673 98
2674 98
2675 97
2676 97
2677 97
2678 97
2679 97
2680 97
2681 97
2682 97
2683 97
2684 97
2685 97
2686 97
2687 97
2688 97
2689 97
2690 97
2691 97
2692 97
2693 97
2694 97
2695 97
2696 97
2697 97
2698 97
2699 97
2700 97
2701 97
2702 97
2703 96
2704 96
2705 96
2706 96
2707 96
2708 96
2709 96
2710 96
2711 96
2712 96
2713 96
2714 96
2715 96
2716 96
2717 96
2718 96
2719 96
2720 96
2721 96
2722 96
2723 96
2724 96
2725 96
2726 96
2727 96
2728 96
2729 96
2730 96
2731 95
2732 95
2733 95
2734 95
2735 95
2736 95
2737 95
2738 95
2739 95
2740 95
2741 95
2742 95
2743 95
2744 95
2745 95
2746 95
2747 95
2748 95
2749 95
2750 95
2751 95
2752 95
2753 95
2754 95
2755 95
2756 95
2757 95
2758 95
2759 95
2760 94
2761 94
2762 94
2763 94
2764 94
2765 94
2766 94
2767 94
2768 94
2769 94
2770 94
2771 94
2772 94
2773 94
2774 94
2775 94
2776 94
2777 94
2778 94
2779 94
2780 94
2781 94
2782 94
2783 94
2784 94
2785 94
2786 94
2787 94
2788 94
2789 93
2790 93
2791 93
2792 93
2793 93
2794 93
2795 93
2796 93
2797 93
2798 93
2799 93
2800 93
2801 93
2802 93
2803 93
2804 93
2805 93
2806 93
2807 93
2808 93
2809 93
2810 93
2811 93
2812 93
2813 93
2814 93
2815 93
2816 93
2817 93
2818 93
2819 92
2820 92
2821 92
2822 92
2823 92
2824 92
2825 92
2826 92
2827 92
2828 92
2829 92
2830 92
2831 92
2832 92
2833 92
2834 92
2835 92
2836 92
2837 92
2838 92
2839 92
2840 92
2841 92
2842 92
2843 92
2844 92
2845 92
2846 92
2847 92
2848 92
2849 92
2850 91
2851 91
2852 91
2853 91
2854 91
2855 91
2856 91
2857 91
2858 91
2859 91
2860 91
2861 91
2862 91
2863 91
2864 91
2865 91
2866 91
2867 91
2868 91
2869 91
2870 91
2871 91
2872 91
2873 91
2874 91
2875 91
2876 91
2877 91
2878 91
2879 91
2880 91
2881 90
2882 90
2883 90
2884 90
2885 90
2886 90
2887 90
2888 90
2889 90
2890 90
2891 90
2892 90
2893 90
2894 90
2895 90
2896 90
2897 90
2898 90
2899 90
2900 90
2901 90
2902 90
2903 90
2904 90
2905 90
2906 90
2907 90
2908 90
2909 90
2910 90
2911 90
2912 90
2913 89
2914 89
2915 89
2916 89
2917 89
2918 89
2919 89
2920 89
2921 89
2922 89
2923 89
2924 89
2925 89
2926 89
2927 89
2928 89
2929 89
2930 89
2931 89
2932 89
2933 89
2934 89
2935 89
2936 89
2937 89
2938 89
2939 89
2940 89
2941 89
2942 89
2943 89
2944 89
2945 89
2946 88
2947 88
2948 88
2949 88
2950 88
2951 88
2952 88
2953 88
2954 88
2955 88
2956 88
2957 88
2958 88
2959 88
2960 88
2961 88
2962 88
2963 88
2964 88
2965 88
2966 88
2967 88
2968 88
2969 88
2970 88
2971 88
2972 88
2973 88
2974 88
2975 88
2976 88
2977 88
2978 88
2979 87
2980 87
2981 87
2982 87
2983 87
2984 87
2985 87
2986 87
2987 87
2988 87
2989 87
2990 87
2991 87
2992 87
2993 87
2994 87
2995 87
2996 87
2997 87
2998 87
2999 87
3000 87
3001 87
3002 87
3003 87
3004 87
3005 87
3006 87
3007 87
3008 87
3009 87
3010 87
3011 87
3012 87
3013 87
3014 86
3015 86
3016 86
3017 86
3018 86
3019 86
3020 86
3021 86
3022 86
3023 86
3024 86
3025 86
3026 86
3027 86
3028 86
3029 86
3030 86
3031 86
3032 86
3033 86
3034 86
3035 86
3036 86
3037 86
3038 86
3039 86
3040 86
3041 86
3042 86
3043 86
3044 86
3045 86
3046 86
3047 86
3048 86
3049 85
3050 85
3051 85
3052 85
3053 85
3054 85
3055 85
3056 85
3057 85
3058 85
3059 85
3060 85
3061 85
3062 85
3063 85
3064 85
3065 85
3066 85
3067 85
3068 85
3069 85
3070 85
3071 85
3072 85
3073 85
3074 85
3075 85
3076 85
3077 85
3078 85
3079 85
3080 85
3081 85
3082 85
3083 85
3084 85
3085 84
3086 84
3087 84
3088 84
3089 84
3090 84
3091 84
3092 84
3093 84
3094 84
3095 84
3096 84
3097 84
3098 84
3099 84
3100 84
3101 84
3102 84
3103 84
3104 84
3105 84
3106 84
3107 84
3108 84
3109 84
3110 84
3111 84
3112 84
3113 84
3114 84
3115 84
3116 84
3117 84
3118 84
3119 84
3120 84
3121 83
3122 83
3123 83
3124 83
3125 83
3126 83
3127 83
3128 83
3129 83
3130 83
3131 83
3132 83
3133 83
3134 83
3135 83
3136 83
3137 83
3138 83
3139 83
3140 83
3141 83
3142 83
3143 83
3144 83
3145 83
3146 83
3147 83
3148 83
3149 83
3150 83
3151 83
3152 83
3153 83
3154 83
3155 83
3156 83
3157 83
3158 83
3159 82
3160 82
3161 82
3162 82
3163 82
3164 82
3165 82
3166 82
3167 82
3168 82
3169 82
3170 82
3171 82
3172 82
3173 82
3174 82
3175 82
3176 82
3177 82
3178 82
3179 82
3180 82
3181 82
3182 82
3183 82
3184 82
3185 82
3186 82
3187 82
3188 82
3189 82
3190 82
3191 82
3192 82
3193 82
3194 82
3195 82
3196 82
3197 81
3198 81
3199 81
3200 81
3201 81
3202 81
3203 81
3204 81
3205 81
3206 81
3207 81
3208 81
3209 81
3210 81
3211 81
3212 81
3213 81
3214 81
3215 81
3216 81
3217 81
3218 81
3219 81
3220 81
3221 81
3222 81
3223 81
3224 81
3225 81
3226 81
3227 81
3228 81
3229 81
3230 81
3231 81
3232 81
3233 81
3234 81
3235 81
3236 81
3237 80
3238 80
3239 80
3240 80
3241 80
3242 80
3243 80
3244 80
3245 80
3246 80
3247 80
3248 80
3249 80
3250 80
3251 80
3252 80
3253 80
3254 80
3255 80
3256 80
3257 80
3258 80
3259 80
3260 80
3261 80
3262 80
3263 80
3264 80
3265 80
3266 80
3267 80
3268 80
3269 80
3270 80
3271 80
3272 80
3273 80
3274 80
3275 80
3276 80
3277 79
3278 79
3279 79
3280 79
3281 79
3282 79
3283 79
3284 79
3285 79
3286 79
3287 79
3288 79
3289 79
3290 79
3291 79
3292 79
3293 79
3294 79
3295 79
3296 79
3297 79
3298 79
3299 79
3300 79
3301 79
3302 79
3303 79
3304 79
3305 79
3306 79
3307 79
3308 79
3309 79
3310 79
3311 79
3312 79
3313 79
3314 79
3315 79
3316 79
3317 79
3318 79
3319 78
3320 78
3321 78
3322 78
3323 78
3324 78
3325 78
3326 78
3327 78
3328 78
3329 78
3330 78
3331 78
3332 78
3333 78
3334 78
3335 78
3336 78
3337 78
3338 78
3339 78
3340 78
3341 78
3342 78
3343 78
3344 78
3345 78
3346 78
3347 78
3348 78
3349 78
3350 78
3351 78
3352 78
3353 78
3354 78
3355 78
3356 78
3357 78
3358 78
3359 78
3360 78
3361 77
3362 77
3363 77
3364 77
3365 77
3366 77
3367 77
3368 77
3369 77
3370 77
3371 77
3372 77
3373 77
3374 77
3375 77
3376 77
3377 77
3378 77
3379 77
3380 77
3381 77
3382 77
3383 77
3384 77
3385 77
3386 77
3387 77
3388 77
3389 77
3390 77
3391 77
3392 77
3393 77
3394 77
3395 77
3396 77
3397 77
3398 77
3399 77
3400 77
3401 77
3402 77
3403 77
3404 77
3405 76
3406 76
3407 76
3408 76
3409 76
3410 76
3411 76
3412 76
3413 76
3414 76
3415 76
3416 76
3417 76
3418 76
3419 76
3420 76
3421 76
3422 76
3423 76
3424 76
3425 76
3426 76
3427 76
3428 76
3429 76
3430 76
3431 76
3432 76
3433 76
3434 76
3435 76
3436 76
3437 76
3438 76
3439 76
3440 76
3441 76
3442 76
3443 76
3444 76
3445 76
3446 76
3447 76
3448 76
3449 76
3450 75
3451 75
3452 75
3453 75
3454 75
3455 75
3456 75
3457 75
3458 75
3459 75
3460 75
3461 75
3462 75
3463 75
3464 75
3465 75
3466 75
3467 75
3468 75
3469 75
3470 75
3471 75
3472 75
3473 75
3474 75
3475 75
3476 75
3477 75
3478 75
3479 75
3480 75
3481 75
3482 75
3483 75
3484 75
3485 75
3486 75
3487 75
3488 75
3489 75
3490 75
3491 75
3492 75
3493 75
3494 75
3495 75
3496 74
3497 74
3498 74
3499 74
3500 74
3501 74
3502 74
3503 74
3504 74
3505 74
3506 74
3507 74
3508 74
3509 74
3510 74
3511 74
3512 74
3513 74
3514 74
3515 74
3516 74
3517 74
3518 74
3519 74
3520 74
3521 74
3522 74
3523 74
3524 74
3525 74
3526 74
3527 74
3528 74
3529 74
3530 74
3531 74
3532 74
3533 74
3534 74
3535 74
3536 74
3537 74
3538 74
3539 74
3540 74
3541 74
3542 74
3543 73
3544 73
3545 73
3546 73
3547 73
3548 73
3549 73
3550 73
3551 73
3552 73
3553 73
3554 73
3555 73
3556 73
3557 73
3558 73
3559 73
3560 73
3561 73
3562 73
3563 73
3564 73
3565 73
3566 73
3567 73
3568 73
3569 73
3570 73
3571 73
3572 73
3573 73
3574 73
3575 73
3576 73
3577 73
3578 73
3579 73
3580 73
3581 73
3582 73
3583 73
3584 73
3585 73
3586 73
3587 73
3588 73
3589 73
3590 73
3591 73
3592 72
3593 72
3594 72
3595 72
3596 72
3597 72
3598 72
3599 72
3600 72
3601 72
3602 72
3603 72
3604 72
3605 72
3606 72
3607 72
3608 72
3609 72
3610 72
3611 72
3612 72
3613 72
3614 72
3615 72
3616 72
3617 72
3618 72
3619 72
3620 72
3621 72
3622 72
3623 72
3624 72
3625 72
3626 72
3627 72
3628 72
3629 72
3630 72
3631 72
3632 72
3633 72
3634 72
3635 72
3636 72
3637 72
3638 72
3639 72
3640 72
3641 71
3642 71
3643 71
3644 71
3645 71
3646 71
3647 71
3648 71
3649 71
3650 71
3651 71
3652 71
3653 71
3654 71
3655 71
3656 71
3657 71
3658 71
3659 71
3660 71
3661 71
3662 71
3663 71
3664 71
3665 71
3666 71
3667 71
3668 71
3669 71
3670 71
3671 71
3672 71
3673 71
3674 71
3675 71
3676 71
3677 71
3678 71
3679 71
3680 71
3681 71
3682 71
3683 71
3684 71
3685 71
3686 71
3687 71
3688 71
3689 71
3690 71
3691 71
3692 71
3693 70
3694 70
3695 70
3696 70
3697 70
3698 70
3699 70
3700 70
3701 70
3702 70
3703 70
3704 70
3705 70
3706 70
3707 70
3708 70
3709 70
3710 70
3711 70
3712 70
3713 70
3714 70
3715 70
3716 70
3717 70
3718 70
3719 70
3720 70
3721 70
3722 70
3723 70
3724 70
3725 70
3726 70
3727 70
3728 70
3729 70
3730 70
3731 70
3732 70
3733 70
3734 70
3735 70
3736 70
3737 70
3738 70
3739 70
3740 70
3741 70
3742 70
3743 70
3744 70
3745 69
3746 69
3747 69
3748 69
3749 69
3750 69
3751 69
3752 69
3753 69
3754 69
3755 69
3756 69
3757 69
3758 69
3759 69
3760 69
3761 69
3762 69
3763 69
3764 69
3765 69
3766 69
3767 69
3768 69
3769 69
3770 69
3771 69
3772 69
3773 69
3774 69
3775 69
3776 69
3777 69
3778 69
3779 69
3780 69
3781 69
3782 69
3783 69
3784 69
3785 69
3786 69
3787 69
3788 69
3789 69
3790 69
3791 69
3792 69
3793 69
3794 69
3795 69
3796 69
3797 69
3798 69
3799 69
3800 68
3801 68
3802 68
3803 68
3804 68
3805 68
3806 68
3807 68
3808 68
3809 68
3810 68
3811 68
3812 68
3813 68
3814 68
3815 68
3816 68
3817 68
3818 68
3819 68
3820 68
3821 68
3822 68
3823 68
3824 68
3825 68
3826 68
3827 68
3828 68
3829 68
3830 68
3831 68
3832 68
3833 68
3834 68
3835 68
3836 68
3837 68
3838 68
3839 68
3840 68
3841 68
3842 68
3843 68
3844 68
3845 68
3846 68
3847 68
3848 68
3849 68
3850 68
3851 68
3852 68
3853 68
3854 68
3855 68
3856 67
3857 67
3858 67
3859 67
3860 67
3861 67
3862 67
3863 67
3864 67
3865 67
3866 67
3867 67
3868 67
3869 67
3870 67
3871 67
3872 67
3873 67
3874 67
3875 67
3876 67
3877 67
3878 67
3879 67
3880 67
3881 67
3882 67
3883 67
3884 67
3885 67
3886 67
3887 67
3888 67
3889 67
3890 67
3891 67
3892 67
3893 67
3894 67
3895 67
3896 67
3897 67
3898 67
3899 67
3900 67
3901 67
3902 67
3903 67
3904 67
3905 67
3906 67
3907 67
3908 67
3909 67
3910 67
3911 67
3912 67
3913 66
3914 66
3915 66
3916 66
3917 66
3918 66
3919 66
3920 66
3921 66
3922 66
3923 66
3924 66
3925 66
3926 66
3927 66
3928 66
3929 66
3930 66
3931 66
3932 66
3933 66
3934 66
3935 66
3936 66
3937 66
3938 66
3939 66
3940 66
3941 66
3942 66
3943 66
3944 66
3945 66
3946 66
3947 66
3948 66
3949 66
3950 66
3951 66
3952 66
3953 66
3954 66
3955 66
3956 66
3957 66
3958 66
3959 66
3960 66
3961 66
3962 66
3963 66
3964 66
3965 66
3966 66
3967 66
3968 66
3969 66
3970 66
3971 66
3972 65
3973 65
3974 65
3975 65
3976 65
3977 65
3978 65
3979 65
3980 65
3981 65
3982 65
3983 65
3984 65
3985 65
3986 65
3987 65
3988 65
3989 65
3990 65
3991 65
3992 65
3993 65
3994 65
3995 65
3996 65
3997 65
3998 65
3999 65
4000 65
4001 65
4002 65
4003 65
4004 65
4005 65
4006 65
4007 65
4008 65
4009 65
4010 65
4011 65
4012 65
4013 65
4014 65
4015 65
4016 65
4017 65
4018 65
4019 65
4020 65
4021 65
4022 65
4023 65
4024 65
4025 65
4026 65
4027 65
4028 65
4029 65
4030 65
4031 65
4032 65
4033 64
4034 64
4035 64
4036 64
4037 64
4038 64
4039 64
4040 64
4041 64
4042 64
4043 64
4044 64
4045 64
4046 64
4047 64
4048 64
4049 64
4050 64
4051 64
4052 64
4053 64
4054 64
4055 64
4056 64
4057 64
4058 64
4059 64
4060 64
4061 64
4062 64
4063 64
4064 64
4065 64
4066 64
4067 64
4068 64
4069 64
4070 64
4071 64
4072 64
4073 64
4074 64
4075 64
4076 64
4077 64
4078 64
4079 64
4080 64
4081 64
4082 64
4083 64
4084 64
4085 64
4086 64
4087 64
4088 64
4089 64
4090 64
4091 64
4092 64
4093 64
4094 64
4095 64
